|  | Party\|Dt | day1 | day2 | 28/06/2026 | 29/06/2026 | 30/06/2026 | 1/7/2026 | 2/7/2026 | 3/7/2026 | 4/7/2026 | 5/7/2026 | 6/7/2026 | 7/7/2026 | 8/7/2026 |
| --- | --- | --- | --- | --- | --- | --- | --- | --- | --- | --- | --- | --- | --- | --- |
| Investment | aa001 | 1 | 1 | 10 | 20 | 40 | 80 | 160 | 320 | 10 | 20 | 40 | 80 | 160 |
| Dividend | 0 | 0 | 0 | 0 | 2 | 6 | 18 | 0 | 146 | 0 | 2 | 0 | 16 | 18 |
| Balance | 0 | -1 | -2 | -12 | -30 | -64 | -126 | -286 | -460 | -10 | -28 | -68 | -132 | -274 |
| Investment | aa001 | 1 | 1 | 10 | 20 | 40 | 80 | 160 | 320 | 10 | 20 | 40 | 80 | 160 |
| Dividend | 0 | 0 | 0 | 0 | 0 | 0 | 0 | 52 | 0 | 0 | 0 | 4 | 10 | 28 |
| Balance | 0 | -1 | -2 | -12 | -32 | -72 | -152 | -260 | -580 | -10 | -30 | -66 | -136 | -268 |
| Investment | aa001 | 1 | 1 | 10 | 20 | 40 | 80 | 160 | 320 | 10 | 20 | 40 | 80 | 160 |
| Dividend | 0 | 0 | 0 | 0 | 2 | 6 | 18 | 52 | 0 | 0 | 2 | 0 | 16 | 18 |
| Balance | 0 | -1 | -2 | -12 | -30 | -64 | -126 | -234 | -554 | -10 | -28 | -68 | -132 | -274 |
| Investment | su2792 | 1 | 1 | 10 | 20 | 40 | 80 | 160 | 320 | 10 | 20 | 40 | 80 | 160 |
| Dividend | 0 | 0 | 0 | 0 | 0 | 0 | 0 | 0 | 146 | 0 | 0 | 4 | 10 | 28 |
| Balance | 0 | -1 | -2 | -12 | -32 | -72 | -152 | -312 | -486 | -10 | -30 | -66 | -136 | -268 |
| Investment | aa1754 | 1 | 1 | 10 | 20 | 40 | 80 | 160 | 320 | 10 | 20 | 40 | 80 | 160 |
| Dividend | 0 | 0 | 0 | 0 | 2 | 0 | 0 | 52 | 146 | 0 | 2 | 6 | 16 | 18 |
| Balance | 0 | -1 | -2 | -12 | -30 | -70 | -150 | -258 | -432 | -10 | -28 | -62 | -126 | -268 |
| Investment | aa001 | 1 | 1 | 10 | 20 | 40 | 80 | 160 | 320 | 10 | 20 | 40 | 80 | 40 |
| Dividend | 0 | 0 | 0 | 0 | 0 | 6 | 18 | 0 | 0 | 0 | 2 | 4 | 294 | 0 |
| Balance | 0 | -1 | -2 | -12 | -32 | -66 | -128 | -288 | -608 | -10 | -28 | -64 | 150 | 110 |
| Investment | aa001 | 1 | 1 | 10 | 20 | 40 | 80 | 160 | 320 | 10 | 20 | 10 | 20 | 40 |
| Dividend | 0 | 0 | 0 | 0 | 2 | 10 | 26 | 52 | 146 | 0 | 40 | 6 | 16 | 18 |
| Balance | 0 | -1 | -2 | -12 | -30 | -60 | -114 | -222 | -396 | -10 | 10 | 6 | 2 | -20 |
| Investment | aa001 | 1 | 1 | 10 | 20 | 40 | 80 | 160 | 320 | 10 | 20 | 40 | 80 | 160 |
| Dividend | 0 | 0 | 0 | 2 | 2 | 6 | 18 | 0 | 214 | 0 | 2 | 4 | 10 | 28 |
| Balance | 0 | -1 | -2 | -10 | -28 | -62 | -124 | -284 | -390 | -10 | -28 | -64 | -134 | -266 |
| Investment | aa001 | 1 | 1 | 10 | 20 | 40 | 80 | 160 | 320 | 10 | 20 | 40 | 80 | 160 |
| Dividend | 0 | 0 | 0 | 0 | 2 | 6 | 18 | 52 | 214 | 16 | 2 | 6 | 0 | 520 |
| Balance | 0 | -1 | -2 | -12 | -30 | -64 | -126 | -234 | -340 | 6 | -12 | -46 | -126 | 234 |
| Investment | yo5576 | 1 | 1 | 10 | 20 | 40 | 80 | 160 | 320 | 10 | 20 | 40 | 20 | 40 |
| Dividend | 0 | 0 | 0 | 2 | 2 | 10 | 26 | 0 | 146 | 0 | 2 | 110 | 10 | 28 |
| Balance | 0 | -1 | -2 | -10 | -28 | -58 | -112 | -272 | -446 | -10 | -28 | 42 | 32 | 20 |
| Investment | su4479 | 1 | 1 | 10 | 20 | 40 | 80 | 160 | 320 | 10 | 20 | 40 | 80 | 160 |
| Dividend | 0 | 0 | 0 | 0 | 2 | 6 | 18 | 76 | 0 | 0 | 2 | 0 | 16 | 18 |
| Balance | 0 | -1 | -2 | -12 | -30 | -64 | -126 | -210 | -530 | -10 | -28 | -68 | -132 | -274 |
| Investment | aa001 | 1 | 1 | 10 | 20 | 40 | 80 | 160 | 320 | 10 | 20 | 40 | 80 | 160 |
| Dividend | 0 | 0 | 0 | 0 | 0 | 0 | 0 | 52 | 146 | 0 | 0 | 4 | 10 | 28 |
| Balance | 0 | -1 | -2 | -12 | -32 | -72 | -152 | -260 | -434 | -10 | -30 | -66 | -136 | -268 |
| Investment | aa001 | 1 | 1 | 10 | 20 | 40 | 80 | 160 | 320 | 10 | 20 | 40 | 80 | 160 |
| Dividend | 0 | 0 | 0 | 0 | 2 | 0 | 0 | 76 | 146 | 0 | 2 | 6 | 16 | 18 |
| Balance | 0 | -1 | -2 | -12 | -30 | -70 | -150 | -234 | -408 | -10 | -28 | -62 | -126 | -268 |
| Investment | aa001 | 1 | 1 | 10 | 20 | 40 | 80 | 160 | 320 | 10 | 20 | 40 | 80 | 60 |
| Dividend | 0 | 0 | 0 | 0 | 0 | 6 | 18 | 52 | 0 | 0 | 2 | 4 | 294 | 0 |
| Balance | 0 | -1 | -2 | -12 | -32 | -66 | -128 | -236 | -556 | -10 | -28 | -64 | 150 | 90 |
| Investment | aa0001 | 1 | 1 | 10 | 20 | 40 | 80 | 160 | 320 | 10 | 20 | 10 | 20 | 40 |
| Dividend | 0 | 0 | 0 | 0 | 2 | 6 | 18 | 76 | 146 | 0 | 40 | 6 | 16 | 18 |
| Balance | 0 | -1 | -2 | -12 | -30 | -64 | -126 | -210 | -384 | -10 | 10 | 6 | 2 | -20 |
| Investment | aa3022 | 1 | 1 | 10 | 20 | 40 | 80 | 160 | 320 | 10 | 20 | 40 | 80 | 160 |
| Dividend | 0 | 0 | 0 | 0 | 2 | 10 | 26 | 52 | 0 | 0 | 2 | 4 | 10 | 28 |
| Balance | 0 | -1 | -2 | -12 | -30 | -60 | -114 | -222 | -542 | -10 | -28 | -64 | -134 | -266 |
| Investment | aa001 | 1 | 1 | 10 | 20 | 40 | 80 | 160 | 320 | 10 | 10 | 20 | 40 | 80 |
| Dividend | 0 | 0 | 0 | 0 | 2 | 0 | 0 | 52 | 214 | 16 | 2 | 6 | 0 | 520 |
| Balance | 0 | -1 | -2 | -12 | -30 | -70 | -150 | -258 | -364 | 6 | -2 | -16 | -56 | 384 |
| Investment | aa001 | 1 | 1 | 10 | 20 | 40 | 80 | 160 | 320 | 10 | 20 | 40 | 20 | 40 |
| Dividend | 0 | 0 | 0 | 2 | 0 | 6 | 18 | 0 | 146 | 0 | 2 | 110 | 10 | 28 |
| Balance | 0 | -1 | -2 | -10 | -30 | -64 | -126 | -286 | -460 | -10 | -28 | 42 | 32 | 20 |
| Investment | aa1754 | 1 | 1 | 10 | 20 | 40 | 80 | 160 | 10 | 10 | 20 | 40 | 80 | 160 |
| Dividend | 0 | 0 | 0 | 0 | 2 | 6 | 18 | 1438 | 146 | 0 | 2 | 4 | 10 | 28 |
| Balance | 0 | -1 | -2 | -12 | -30 | -64 | -126 | 1152 | 1288 | -10 | -28 | -64 | -134 | -266 |
| Investment | aa7620 | 1 | 1 | 10 | 20 | 40 | 80 | 160 | 320 | 10 | 10 | 20 | 40 | 80 |
| Dividend | 0 | 0 | 0 | 0 | 2 | 10 | 26 | 76 | 0 | 16 | 2 | 6 | 0 | 520 |
| Balance | 0 | -1 | -2 | -12 | -30 | -60 | -114 | -198 | -518 | 6 | -2 | -16 | -56 | 384 |
| Investment | aa6402 | 1 | 1 | 10 | 20 | 40 | 80 | 160 | 320 | 10 | 20 | 10 | 20 | 40 |
| Dividend | 0 | 0 | 0 | 0 | 2 | 0 | 0 | 76 | 214 | 0 | 40 | 6 | 16 | 18 |
| Balance | 0 | -1 | -2 | -12 | -30 | -70 | -150 | -234 | -340 | -10 | 10 | 6 | 2 | -20 |
| Investment | aa0299 | 1 | 1 | 10 | 20 | 40 | 80 | 160 | 320 | 10 | 20 | 40 | 30 | 60 |
| Dividend | 0 | 0 | 0 | 2 | 0 | 6 | 18 | 52 | 146 | 0 | 2 | 110 | 10 | 28 |
| Balance | 0 | -1 | -2 | -10 | -30 | -64 | -126 | -234 | -408 | -10 | -28 | 42 | 22 | -10 |
| Investment | aa4758 | 1 | 1 | 10 | 20 | 10 | 10 | 10 | 10 | 10 | 20 | 40 | 80 | 160 |
| Dividend | 0 | 0 | 0 | 0 | 46 | 10 | 26 | 76 | 214 | 0 | 2 | 0 | 16 | 18 |
| Balance | 0 | -1 | -2 | -12 | 14 | 14 | 30 | 96 | 300 | -10 | -28 | -68 | -132 | -274 |
| Investment | aa0001 | 1 | 1 | 10 | 20 | 40 | 20 | 10 | 10 | 10 | 20 | 40 | 80 | 160 |
| Dividend | 0 | 0 | 0 | 2 | 2 | 174 | 504 | 52 | 146 | 0 | 0 | 4 | 10 | 28 |
| Balance | 0 | -1 | -2 | -10 | -28 | 106 | 590 | 632 | 768 | -10 | -30 | -66 | -136 | -268 |
| Investment | aa0001 | 1 | 1 | 10 | 20 | 40 | 80 | 160 | 320 | 10 | 20 | 40 | 80 | 70 |
| Dividend | 0 | 0 | 0 | 2 | 2 | 6 | 18 | 52 | 4022 | 0 | 2 | 4 | 294 | 0 |
| Balance | 0 | -1 | -2 | -10 | -28 | -62 | -124 | -232 | 3470 | -10 | -28 | -64 | 150 | 80 |
| Investment | aa0001 | 1 | 1 | 10 | 10 | 10 | 10 | 10 | 20 | 10 | 20 | 40 | 80 | 160 |
| Dividend | 0 | 8 | 0 | 24 | 2 | 10 | 26 | 0 | 214 | 0 | 2 | 6 | 16 | 18 |
| Balance | 0 | 7 | 6 | 14 | 6 | 6 | 22 | 12 | 206 | -10 | -28 | -62 | -126 | -268 |
| Investment | aa0001 | 1 | 1 | 10 | 20 | 40 | 80 | 160 | 320 | 10 | 20 | 40 | 80 | 160 |
| Dividend | 0 | 0 | 0 | 0 | 0 | 0 | 0 | 0 | 0 | 0 | 2 | 6 | 16 | 18 |
| Balance | 0 | -1 | -2 | -12 | -32 | -72 | -152 | -312 | -632 | -10 | -28 | -62 | -126 | -268 |
| Investment | hu2628 | 1 | 1 | 10 | 20 | 40 | 80 | 160 | 320 | 10 | 20 | 40 | 80 | 20 |
| Dividend | 0 | 0 | 0 | 0 | 0 | 0 | 0 | 0 | 0 | 0 | 2 | 4 | 294 | 0 |
| Balance | 0 | -1 | -2 | -12 | -32 | -72 | -152 | -312 | -632 | -10 | -28 | -64 | 150 | 130 |
| Investment | aa0001 | 1 | 1 | 10 | 20 | 40 | 80 | 160 | 320 | 10 | 20 | 10 | 20 | 40 |
| Dividend | 0 | 0 | 0 | 0 | 0 | 0 | 0 | 0 | 0 | 0 | 40 | 6 | 16 | 18 |
| Balance | 0 | -1 | -2 | -12 | -32 | -72 | -152 | -312 | -632 | -10 | 10 | 6 | 2 | -20 |
| Investment | mo7068 | 1 | 1 | 10 | 20 | 40 | 80 | 160 | 320 | 10 | 20 | 40 | 80 | 160 |
| Dividend | 0 | 0 | 0 | 0 | 0 | 0 | 0 | 0 | 0 | 0 | 2 | 4 | 10 | 28 |
| Balance | 0 | -1 | -2 | -12 | -32 | -72 | -152 | -312 | -632 | -10 | -28 | -64 | -134 | -266 |
| Investment | aa0001 | 1 | 1 | 10 | 20 | 40 | 80 | 160 | 320 | 10 | 10 | 20 | 40 | 80 |
| Dividend | 0 | 0 | 0 | 0 | 0 | 0 | 0 | 0 | 0 | 16 | 2 | 6 | 0 | 520 |
| Balance | 0 | -1 | -2 | -12 | -32 | -72 | -152 | -312 | -632 | 6 | -2 | -16 | -56 | 384 |
| Investment | aa0001 | 1 | 1 | 10 | 20 | 40 | 80 | 160 | 320 | 10 | 20 | 40 | 10 | 20 |
| Dividend | 0 | 0 | 0 | 0 | 0 | 0 | 0 | 0 | 0 | 0 | 2 | 110 | 10 | 28 |
| Balance | 0 | -1 | -2 | -12 | -32 | -72 | -152 | -312 | -632 | -10 | -28 | 42 | 42 | 50 |
| Investment | me1963 | 1 | 1 | 10 | 20 | 40 | 80 | 160 | 320 | 10 | 20 | 40 | 80 | 160 |
| Dividend | 0 | 0 | 0 | 0 | 0 | 0 | 0 | 0 | 0 | 0 | 0 | 0 | 0 | 0 |
| Balance | 0 | -1 | -2 | -12 | -32 | -72 | -152 | -312 | -632 | -10 | -30 | -70 | -150 | -310 |
